Rank	School	Appearances	Wins	Losses
1	UCLA *	12	11	1
2	Kentucky	11	8	3
3	Duke	10	4	6
4	North Carolina	9	5	4
4	Kansas	9	3	6
6	Indiana	6	5	1
7	Ohio State	5	1	4
8	Georgetown	4	1	3
8	Michigan *	4	1	3
10	Connecticut	3	3	0
10	Louisville	3	3	0
10	Cincinnati	3	2	1
10	Florida	3	2	1
10	Michigan State	3	2	1
10	Oklahoma State	3	2	1
10	Syracuse	3	1	2
