Rank	Gold	Silver	Bronze	Total
1	186	173	135	494
2	45	12	15	72
3	40	20	12	72
4	32	51	63	146
5	30	41	63	134
6	24	20	6	50
7	18	49	50	117
8	12	14	52	78
9	9	5	8	22
10	5	7	7	19
11	4	8	13	25
12	4	2	4	10
13	4	2	2	8
14	4	2	1	7
15	3	2	3	8
16	3	1	0	4
17	2	4	5	11
18	2	3	9	14
19	2	3	3	8
20	2	1	0	3
21	1	2	1	4
22	1	1	2	4
23	1	0	2	3
24	0	2	3	5
25	0	1	5	6
Totals	438	428	469	1335
