Rank	Gold	Silver	Bronze	Total
1	25	4	2	31
2	4	7	4	15
3	3	2	4	9
4	2	2	2	6
5	1	5	2	8
6	1	4	4	9
7	1	3	2	6
8	1	0	0	1
10	0	5	5	10
11	0	4	1	5
12	0	1	5	6
13	0	1	3	4
14	0	1	2	3
15	0	0	2	2
