Period	Civilians	Security forces	Insurgents	Total per period
1989â€“2001	1610	432	1007	3049
2002	382	100	141	623
2003	410	105	216	731
2004	466	100	87	653
2005	524	153	225	902
2006	521	157	274	952
2007	460	236	141	837
2008	399	221	214	834
2009	586	317	217	1120
2010	713	285	171	1169
2011	275	128	199	602
2012	146	104	117	367
2013	123	83	136	342
TOTAL	6615	2421	3145	12181
