Sport	Gold	Silver	Bronze	Total
3-on-3 basketball	1	0	0	1
Board games, Chess	0	1	3	4
Cue sports	0	1	0	1
Electronic sports	2	2	3	7
Extreme sports, Sport climbing	0	0	1	1
Futsal	4	1	0	5
Hoop takraw	0	0	1	1
Indoor archery	3	1	4	8
Indoor athletics	4	4	4	12
Indoor hockey	1	0	0	1
Kabaddi	0	3	1	4
Kickboxing	2	2	0	4
Kurash	3	2	1	6
Muay	4	4	3	11
Pencak silat	0	2	1	3
Short course swimming	1	1	1	3
Vovinam	1	3	3	7
Wushu	1	3	0	4
Total	27	30	26	83
