Name	Championship	FA Cup	League Cup	Total
Leroy Lita	7	4	3	14
Kevin Doyle	13	0	0	13
Steve Sidwell	4	0	0	4
Stephen Hunt	4	0	0	4
Seol Ki-Hyeon	4	0	0	4
s Own goal	4	0	0	4
Brynjar Gunnarsson	3	1	0	4
Dave Kitson	2	2	0	4
Shane Long	2	1	1	4
James Harper	3	0	0	3
Ívar Ingimarsson	2	0	0	2
Ulises de la Cruz	1	0	0	1
John Oster	1	0	0	1
Ibrahima Sonko	1	0	0	1
Nicky Shorey	1	0	0	1
André Bikey	0	1	0	1
Sam Sodje	0	1	0	1
Péter Máté	0	0	1	1
TOTALS	54	9	6	69
