Rank	Gold	Silver	Bronze	Total
1	10	6	3	19
2	3	4	1	8
3	2	2	1	5
4	2	0	5	7
5	2	0	1	3
6	1	1	2	4
7	1	0	0	1
8	0	3	3	6
9	0	2	0	2
10	0	1	0	1
13	0	0	2	2
14	0	0	1	1
