Nation	Gold	Silver	Bronze	Total
Tunisia	9	8	3	20
Algeria	4	6	2	12
Egypt	4	4	0	8
Iraq	4	3	1	8
Morocco	4	2	5	11
Libya	1	3	2	6
Palestine	1	1	4	6
Saudi Arabia	1	1	1	3
Jordan	1	0	3	4
United Arab Emirates	0	0	3	3
Qatar	0	0	2	2
Total	26	26	26	78
