Name	League	FA Cup	League Cup	Total
Brian McBride	9	3	0	12
Carlos Bocanegra	5	0	0	5
Vincenzo Montella	2	3	0	5
Hei√∞ar Helguson	3	0	1	4
Tomasz Radzinski	2	1	0	3
Moritz Volz	2	1	0	3
Jimmy Bullard	2	0	0	2
Simon Davies	2	0	0	2
Claus Jensen	2	0	0	2
Zat Knight	2	0	0	2
Philippe Christanval	1	0	0	1
Clint Dempsey	1	0	0	1
Collins John	1	0	0	1
Franck Queudrue	1	0	0	1
Ian Pearce	1	0	0	1
Wayne Routledge	0	1	0	1
Own goals	2	0	0	2
Total	38	9	1	48
