Rank	Gold	Silver	Bronze	Total
1	84	69	69	222
2	36	40	34	110
3	26	29	31	86
4	22	17	11	50
5	12	13	13	38
6	11	7	11	29
7	10	4	8	22
8	7	12	10	29
9	6	12	13	31
10	6	5	7	18
